[gd_scene load_steps=2 format=2]

[sub_resource type="CapsuleShape" id=1]
radius = 0.312617
height = 0.667322

[node name="Map" type="Spatial"]

[node name="Asteroids" type="Spatial" parent="."]

[node name="Asteroid1" type="CSGBox" parent="Asteroids"]
transform = Transform( 0.638644, 0.233394, -0.733253, -0.15329, 0.972382, 0.175998, 0.754079, 0, 0.656783, 1.20158, 0.159901, 0.512467 )
width = 0.1
height = 0.1
depth = 0.1

[node name="Asteroid2" type="CSGBox" parent="Asteroids"]
transform = Transform( 0.807424, -0.326314, -0.491514, 0, 0.833114, -0.553101, 0.589972, 0.446587, 0.672677, 0, 0.201947, 0.556021 )
width = 0.1
height = 0.1
depth = 0.1

[node name="Asteroid3" type="CSGBox" parent="Asteroids"]
transform = Transform( 0.841535, -0.365142, 0.398109, 0.398045, 0.917366, 0, -0.365211, 0.158465, 0.917338, -0.469, -0.128706, 0.241222 )
width = 0.1
height = 0.1
depth = 0.1

[node name="Asteroid4" type="CSGBox" parent="Asteroids"]
transform = Transform( 0.918391, 0.395674, 0, -0.241572, 0.560707, 0.791991, 0.31337, -0.727358, 0.610532, 0.50775, 0, 0 )
width = 0.1
height = 0.1
depth = 0.1

[node name="Shipwreck" type="Area" parent="."]
transform = Transform( 0.948771, -0.235139, 0.211052, 0, 0.667962, 0.744195, -0.315964, -0.706071, 0.633744, 0, 0.522773, -0.905506 )

[node name="Model" type="CSGPolygon" parent="Shipwreck"]
transform = Transform( 0.4, 0, 0, 0, 0.4, 0, 0, 0, 0.4, 0, 0, 0 )
polygon = PoolVector2Array( 0, 0, 0.0186896, 1.10412, 0.311053, 0.83791, 0.152912, 0.312677 )
mode = 1
spin_degrees = 360.0
spin_sides = 8

[node name="CollisionShape" type="CollisionShape" parent="Shipwreck"]
transform = Transform( 0.7, 0, 0, 0, -3.0598e-08, -0.5, 0, 0.7, -2.18557e-08, 0, 0.245, 0 )
shape = SubResource( 1 )
