[gd_scene format=2]

[node name="Map" type="Spatial"]

[node name="Asteroids" type="Spatial" parent="."]

[node name="Asteroid1" type="CSGBox" parent="Asteroids"]
transform = Transform( 0.638644, 0.233394, -0.733253, -0.15329, 0.972382, 0.175998, 0.754079, 0, 0.656783, 1.20158, 0.159901, 0.512467 )
width = 0.1
height = 0.1
depth = 0.1

[node name="Asteroid2" type="CSGBox" parent="Asteroids"]
transform = Transform( 0.807424, -0.326314, -0.491514, 0, 0.833114, -0.553101, 0.589972, 0.446587, 0.672677, 0, 0.201947, 0.556021 )
width = 0.1
height = 0.1
depth = 0.1

[node name="Asteroid3" type="CSGBox" parent="Asteroids"]
transform = Transform( 0.841535, -0.365142, 0.398109, 0.398045, 0.917366, 0, -0.365211, 0.158465, 0.917338, -0.469, -0.128706, 0.241222 )
width = 0.1
height = 0.1
depth = 0.1

[node name="Asteroid4" type="CSGBox" parent="Asteroids"]
transform = Transform( 0.918391, 0.395674, 0, -0.241572, 0.560707, 0.791991, 0.31337, -0.727358, 0.610532, 0.50775, 0, 0 )
width = 0.1
height = 0.1
depth = 0.1

[node name="Spatial" type="Spatial" parent="."]
transform = Transform( 0.66414, 0.147736, 0.117569, 0, 0.520936, -0.333981, -0.221175, 0.443621, 0.353036, -0.0576091, 0.686424, -1.07849 )

[node name="Model" type="CSGPolygon" parent="Spatial"]
transform = Transform( 0.571429, 0, 7.45058e-09, 0, 0, 0.571429, 0, -0.8, -2.98023e-08, 2.98023e-08, -5.96046e-08, 0.49 )
polygon = PoolVector2Array( 0, 0, 0.0186896, 1.10412, 0.311053, 0.83791, 0.152912, 0.312677 )
mode = 1
spin_degrees = 360.0
spin_sides = 8
